01010100010
01010200020
01010300030
01020400040
01020500050
01020600060
01030700070
01030800080
01030900090
01041000100
01041100110
01041200120
02010100010
02010200020
02010300030
02020400040
02020500050
02020600060
02030700070
02030800080
02030900090
02041000100
02041100110
02041200120
03010100010
03010200020
03010300030
03020400040
03020500050
03020600060
03030700070
03030800080
03030900090
03041000100
03041100110
03041200120
04010100010
04010200020
04010300030
04020400040
04020500050
04020600060
04030700070
04030800080
04030900090
04041000100
04041100110
04041200120