01010100100
01010200200
01010300300
01020400400
01020500500
01020600600
01030700700
01030800800
01030900900
01041000100
01041100110
01041200120
02010100100
02010200200
02010300300
02020400400
02020500500
02020600600
02030700700
02030800800
02030900900
02041000100
02041100110
02041200120
03010100100
03010200200
03010300300
03020400400
03020500500
03020600600
03030700700
03030800800
03030900900
03041000100
03041100110
03041200120
04010100100
04010200200
04010300300
04020400400
04020500500
04020600600
04030700700
04030800800
04030900900
04041000100
04041100110
04041200120